750
310 861
42
974 345
216
378
353 630
301
726 581
905
680
625 227
579 363
599 234
77
719
870
320
507
460
3
9
846 595
120
833 249
393
605
179
830
764
99 160
658
370
687
195 513
924
23
409 564
721 634
619 674
319
333
296
436
302
241
635 96
849
969
678
279
690
807
590 498
240
154
756
493
904 373
155 548
761
661 523
677
315
987
197
997
283
715 175
369
239
367
221 932
176
280 469
745
627
578 59
276
669
820
819
722
822
886
736
519
81
217
888
560
622 180
405 126
75
616
486
621
597
631 568
478 116
60
316
22
771
712
655
497
251
901 355
87
294
265
238 123
529 321
642
834 543
825 552
565
832 335
397
698 438
13
90
361
451
910 424
91 813
44 928
209
362
725
858 668
775
817 156
328
944
540
19
880
534 395
303
131 384
485
923
376 773
526
935
937 40
555
141
601 996
626
780
746
867
733
114 753
714 798
803
267
539
202
776
231 259
704
287
242 84
423
128 871
385 403
34
518 408
374
30 947
988 163
673 709
208
701 257
835 659
219
343 150
145
688
977 600
435
921
931
404
50
844
380
437 97
614
4
165 898
778
903 375
401 190
964
700 482
193
647
809
549
456
881 218
158 285
629
483
76 795
349
452 643
887
225
823
347
368 68
324 270
41
56
462
489
295 366
284
682
574
814 108
260
644
760 528
782 162
357
941 338
585 716
379
893
169 800
751 586
567
976
2 434
184
663
810 206
412
711 273
232
656
641
58 797
569
364
473
676 535
71 69
299
617 511
610
675 758
728
323
843
331 882
313
915 720
827
544 657
983
804
855
963
514
196
73
442
136
132
110
226 426
973 840
962
883 967
766
573 365
420
488
958 214
975
312
17
351
396
727
793 475
89
787
464 291
908
290 119
685 660
919 470
453
178
181
707
790
115 198
889
471 524
645
890
487 956
311
215 427
28
646
946 894
139
942
135
649
63
236 703
504
981 386
62
112
188 27
130 102
29
926
336 307
575
52 684
383 144
430
906
769 562
972
950
317
261
743
499
244 248
235
278
288 152
433
394 735
399 765
20 31
33
589 339
729
183 598
187
468
177
439
779
134 873
286
167
537 0
949 563
948
39
245
954
5
45
149
929 223
708
272
325
723
930 960
859
878
580 171
868 545
895
994
46 582
371 447
978
463
382 763
609 806
602
955
594
508
865
851
896
857 65
837 129
933
683 269
292
271 337
892 173
863
54 762
64 264
750 794
121
939
671
159
611
194
440
431
521 838
495 266
966
989
876 153
346
293
912 53
222
561
100
608 853
784
186
856 88
672
952 897
623
854
389
1
479
457
101 920
255
767
57 481
902 749
872 961
124 503
606
576
907
799
92
111
922
557
986
509
877
113
638
845
697 774
254
332
662 359
839
37 443
205
8 637
636 624
842
991 182
951
982 263
971
164
847 612
480
391
213
277
692
665 262
831
551
26 583
477
516
304 789
32 818
229
808 717
387
533
620 512
43
16
429
308
943 494
577 6
686 55
38
350 459
298
559
418 93
230
204 689
72 490
801 788
739
864
618 147
836
425
785
358
691
744 995
506
354
639
520
243 415
592
172 542
650
274
7
306 143
400
738
326
103
500
191 909
826
734
80 633
348
66 86
49 740
566 957
122
816 419
441
228
449 731
210
146 138
591
755
342
536
360
850
474 492
918 94
812
772
538
125
450
588
168 410
587 476
811
993 828
517 67
106
541
821
584
768
185 47
174
770 653
558 484
83
258
705 253
732
340
24
648
117 454
914
596
107
570
247
860
613
356
446
651 322
741
965 796
95 945
702
14
990 527
212
968 157
10 547
161 444
268
411
445 664
699 466
233
127
938
422 632
710 61
554
448
791
505
917
170
297 224
593
815
530
866 105
432 137
416
381
899
884 615
640
667
550
666 398
352
852
556
900
189
696 461
885 927
999 940
282
203
237 879
21
300
777
140
553 199
693
18 628
531
344 752
786
48
980 603
718
985 824
652
275
104 737
388 496
201
421
934 256
314
35
959
192
502
604
82 51
85 862
706
891 390
759 118
748
428 36
377
670 916
572 246
875
532
724
841 207
792
730
329
571 501
984 133
546
142
992
802
220
757
829
510 805
874
211
970
74
679
334
281
465 372
472
148
151 200
953 911
869
998
754
252 392
747
848
414 327
607 318
979 417
250 407
25
713
522 413
515
455 783
78
305
70
654
681 525
925
467
15 695
406
913
742
98
11
491
109
12 402
341 289
781 330
309
936
694
166
458 79
